47190.56,1
47087.56,2
47102.58,3
46153.0,4
46303.77,5
43061.81,6
41842.24,7
41975.42,8
41767.53,9
42036.19,10
42114.04,11
42725.68,12
43700.28,13
42918.83,14
43017.4,15
42980.16,16
42699.64,17
42128.58,18
41785.29,19
41905.29,20
38921.99,21
35747.5,22
35455.77,23
35194.26,24
36068.33,25
37631.08,26
35989.98,27
37223.53,28
37680.0,29
38148.33,30
37019.73,31
38472.44,32
38428.51,33
37024.23,34
37571.11,35
41553.79,36
41603.04,37
42845.91,38
44915.54,39
43624.61,40
43920.64,41
42870.57,42
42301.15,43
42295.45,44
41794.7,45
43594.31,46
44080.26,47
43642.14,48
40642.9,49
40269.12,50
39370.59,51
39245.44,52
36742.61,53
37996.86,54
34686.3,55
38466.03,56
39037.7,57
38598.55,58
37852.38,59
43224.42,60
44302.03,61
43343.07,62
41379.2,63
39019.55,64
39506.49,65
38025.81,66
38358.49,67
41521.53,68
39235.64,69
38784.61,70
39172.76,71
39126.46,72
38524.89,73
38781.41,74
39123.78,75
41338.39,76
40643.53,77
41826.79,78
41879.19,79
40887.01,80
43001.36,81
41969.42,82
42922.54,83
44117.62,84
44428.97,85
44599.91,86
47137.15,87
47627.09,88
47251.28,89
47031.64,90
44664.21,91
46560.29,92
46381.7,93
46092.99,94
46768.34,95
45350.88,96
43393.23,97
43549.84,98
42442.29,99
42757.45,100
42270.64,101
39925.94,102
40139.0,103
41297.22,104
40114.0,105
40544.92,106
40299.7,107
38830.29,108
40874.23,109
41357.48,110
41621.49,111
40638.22,112
39535.74,113
39715.13,114
39153.57,115
40570.52,116
38404.7,117
39398.17,118
39540.24,119
38568.19,120
37971.35,121
38978.38,122
38494.6,123
37985.03,124
39742.64,125
36424.11,126
35738.14,127
34393.54,128
33637.31,129
31213.97,130
31207.79,131
27640.54,132
30380.61,133
29299.98,134
29571.49,135
30292.25,136
30338.89,137
29793.07,138
29054.97,139
30062.66,140
29217.17,141
29250.09,142
30099.54,143
29329.67,144
30067.9,145
29736.08,146
28889.93,147
28803.11,148
28910.76,149
30303.87,150
31670.96,151
31539.23,152
29794.94,153
30394.61,154
29689.32,155
29701.99,156
31194.73,157
29508.54,158
30226.01,159
30243.84,160
30076.05,161
29354.46,162
27403.8,163
25351.38,164
21942.24,165
21106.05,166
22066.21,167
20506.2,168
20461.86,169
18476.7,170
19837.17,171
20629.71,172
20410.2,173
20337.68,174
21034.26,175
21218.89,176
21407.32,177
21232.71,178
20747.07,179
20273.69,180
20025.82,181
19374.83,182
19170.9,183
19233.4,184
19101.41,185
20252.86,186
20077.88,187
20396.43,188
21975.47,189
21541.16,190
21262.1,191
20514.05,192
19986.09,193
19460.11,194
20065.81,195
20531.04,196
20741.14,197
21247.55,198
21293.0,199
21892.1,200
23391.53,201
22878.93,202
22966.35,203
22904.39,204
22399.48,205
21895.62,206
21132.44,207
21111.95,208
23072.31,209
24011.71,210
23750.06,211
23810.09,212
23398.02,213
22865.91,214
22834.42,215
23092.34,216
23156.05,217
23212.74,218
22951.02,219
23347.47,220
23891.94,221
22948.34,222
24531.21,223
23940.91,224
24747.46,225
24580.31,226
24861.37,227
23968.0,228
24075.74,229
23383.74,230
22785.91,231
21238.86,232
21197.93,233
21469.66,234
21263.87,235
21333.35,236
21540.77,237
21526.24,238
20147.3,239
19995.5,240
19805.0,241
20467.15,242
20339.0,243
20055.79,244
20156.76,245
19924.83,246
19805.39,247
19888.67,248
19761.39,249
18724.59,250
19356.54,251
20360.0,252
21454.54,253
21560.01,254
21719.51,255
22289.22,256
20388.02,257
20026.63,258
19826.09,259
19935.19,260
20008.83,261
18824.75,262
19335.66,263
19006.29,264
18702.08,265
19410.43,266
19162.81,267
19008.84,268
18811.54,269
20047.85,270
18763.53,271
19583.96,272
19429.44,273
19405.97,274
19334.87,275
19096.18,276
19595.27,277
20127.5,278
20361.68,279
19944.93,280
19445.36,281
19389.29,282
19467.62,283
19040.95,284
19098.17,285
19092.97,286
19812.9,287
19191.47,288
19138.33,289
19228.11,290
19584.93,291
19278.47,292
19183.56,293
19045.03,294
19151.14,295
19187.96,296
19335.98,297
19341.92,298
20210.01,299
20807.23,300
20252.87,301
20686.46,302
20752.2,303
20565.41,304
20494.13,305
20517.64,306
20357.26,307
20325.99,308
21369.76,309
21230.91,310
20848.5,311
19708.85,312
18391.72,313
16680.18,314
17305.8,315
16660.22,316
16826.24,317
15835.29,318
16634.54,319
16906.55,320
16564.76,321
16793.55,322
16577.4,323
16668.14,324
16205.09,325
15782.19,326
16445.38,327
16642.7,328
16349.43,329
16615.6,330
16529.86,331
16158.08,332
16473.7,333
16861.3,334
17112.8,335
16936.52,336
17018.69,337
17019.21,338
17344.37,339
16976.05,340
17006.5,341
16817.15,342
17218.75,343
17134.87,344
17175.43,345
16944.9,346
17192.04,347
17787.69,348
17716.82,349
17408.84,350
16696.39,351
16741.89,352
16707.76,353
16789.91,354
16835.81,355
16827.22,356
16822.3,357
16823.21,358
16831.81,359
16856.15,360
16872.72,361
16597.1,362
16573.15,363
16547.4,364
